0.0,0.0,0.0,0.0,0.0
0.0,0.0,0.0,0.0,0.0
0.0,0.0,0.0,0.0,0.0
0.0,0.0,0.0,0.0,0.0
0.0,0.0,0.0,0.0,0.0
0.0,0.0,0.0,0.0,0.0
0.0,0.0,0.0,0.0,0.0
0.0,0.0,0.0,0.0,0.0
0.0,0.0,0.0,0.0,0.0
0.0,0.0,0.0,0.0,0.0
0.0,0.0,0.0,0.0,0.0
0.0,0.0,0.0,0.0,0.0
0.0,0.0,0.0,0.0,0.0
0.0,0.0,0.0,0.0,0.0
0.0,0.0,0.0,0.0,0.0
0.0,0.0,0.0,0.0,0.0
0.0,0.0,0.0,0.0,0.0
0.0,0.0,0.0,0.0,0.0
0.0,0.0,0.0,0.0,0.0
0.0,0.0,0.0,0.0,0.0
0.0,0.0,0.0,0.0,0.0
0.0,0.0,0.0,0.0,0.0
0.0,0.0,0.0,0.0,0.0
0.0,0.0,0.0,0.0,0.0
0.0,0.0,0.0,0.0,0.0
0.0,0.0,0.0,0.0,0.0
0.0,0.0,0.0,0.0,0.0
0.0,0.0,0.0,0.0,0.0
0.0,0.0,0.0,0.0,0.0
0.0,0.0,0.0,0.0,0.0
0.0,0.0,0.0,0.0,0.0
0.0,0.0,0.0,0.0,0.0
0.0,0.0,0.0,0.0,0.0
0.0,0.0,0.0,0.0,0.0
0.0,0.0,0.0,0.0,0.0
0.0,0.0,0.0,0.0,0.0
0.0,0.0,0.0,0.0,0.0
0.0,0.0,0.0,0.0,0.0
0.0,0.0,0.0,0.0,0.0
0.0,0.0,0.0,0.0,0.0
0.0,0.0,0.0,0.0,0.0
0.0,0.0,0.0,0.0,0.0
0.0,0.0,0.0,0.0,0.0
0.0,0.0,0.0,0.0,0.0
0.0,0.0,0.0,0.0,0.0
0.0,0.0,0.0,0.0,0.0
0.0,0.0,0.0,0.0,0.0
0.0,0.0,0.0,0.0,0.0
0.0,0.0,0.0,0.0,0.0
0.0,0.0,0.0,0.0,0.0
0.0,0.0,0.0,0.0,0.0
0.0,0.0,0.0,0.0,0.0
0.0,0.0,0.0,0.0,0.0
0.0,0.0,0.0,0.0,0.0
0.0,0.0,0.0,0.0,0.0
0.0,0.0,0.0,0.0,0.0
0.0,0.0,0.0,0.0,0.0
0.0,0.0,0.0,0.0,0.0
0.0,0.0,0.0,0.0,0.0
0.0,0.0,0.0,0.0,0.0
0.0,0.0,0.0,0.0,0.0
0.0,0.0,0.0,0.0,0.0
0.0,0.0,0.0,0.0,0.0
0.0,0.0,0.0,0.0,0.0
0.0,0.0,0.0,0.0,0.0
0.0,0.0,0.0,0.0,0.0
0.0,0.0,0.0,0.0,0.0
0.0,0.0,0.0,0.0,0.0
0.0,0.0,0.0,0.0,0.0
0.0,0.0,0.0,0.0,0.0
0.0,0.0,0.0,0.0,0.0
0.0,0.0,0.0,0.0,0.0
0.0,0.0,0.0,0.0,0.0
0.0,0.0,0.0,0.0,0.0
0.0,0.0,0.0,0.0,0.0
0.0,0.0,0.0,0.0,0.0
0.0,0.0,0.0,0.0,0.0
0.0,0.0,0.0,0.0,0.0
0.0,0.0,0.0,0.0,0.0
0.0,0.0,0.0,0.0,0.0
0.0,0.0,0.0,0.0,0.0
0.0,0.0,0.0,0.0,0.0
0.0,0.0,0.0,0.0,0.0
0.0,0.0,0.0,0.0,0.0
0.0,0.0,0.0,0.0,0.0
0.0,0.0,0.0,0.0,0.0
0.0,0.0,0.0,0.0,0.0
0.0,0.0,0.0,0.0,0.0
0.0,0.0,0.0,0.0,0.0
0.0,0.0,0.0,0.0,0.0
0.0,0.0,0.0,0.0,0.0
0.0,0.0,0.0,0.0,0.0
0.0,0.0,0.0,0.0,0.0
0.0,0.0,0.0,0.0,0.0
0.0,0.0,0.0,0.0,0.0
0.0,0.0,0.0,0.0,0.0
0.0,0.0,0.0,0.0,0.0
0.0,0.0,0.0,0.0,0.0
0.0,0.0,0.0,0.0,0.0
0.0,0.0,0.0,0.0,0.0
0.0,0.0,0.0,0.0,0.0
0.0,0.0,0.0,0.0,0.0
0.0,0.0,0.0,0.0,0.0
0.0,0.0,0.0,0.0,0.0
0.0,0.0,0.0,0.0,0.0
0.0,0.0,0.0,0.0,0.0
0.0,0.0,0.0,0.0,0.0
0.0,0.0,0.0,0.0,0.0
0.0,0.0,0.0,0.0,0.0
0.0,0.0,0.0,0.0,0.0
0.0,0.0,0.0,0.0,0.0
0.0,0.0,0.0,0.0,0.0
0.0,0.0,0.0,0.0,0.0
0.0,0.0,0.0,0.0,0.0
0.0,0.0,0.0,0.0,0.0
0.0,0.0,0.0,0.0,0.0
0.0,0.0,0.0,0.0,0.0
0.0,0.0,0.0,0.0,0.0
0.0,0.0,0.0,0.0,0.0
0.0,0.0,0.0,0.0,0.0
0.0,0.0,0.0,0.0,0.0
0.0,0.0,0.0,0.0,0.0
0.0,0.0,0.0,0.0,0.0
0.0,0.0,0.0,0.0,0.0
0.0,0.0,0.0,0.0,0.0
0.0,0.0,0.0,0.0,0.0
0.0,0.0,0.0,0.0,0.0
0.0,0.0,0.0,0.0,0.0
0.0,0.0,0.0,0.0,0.0
0.0,0.0,0.0,0.0,0.0
0.0,0.0,0.0,0.0,0.0
0.0,0.0,0.0,0.0,0.0
0.0,0.0,0.0,0.0,0.0
0.0,0.0,0.0,0.0,0.0
0.0,0.0,0.0,0.0,0.0
0.0,0.0,0.0,0.0,0.0
0.0,0.0,0.0,0.0,0.0
0.0,0.0,0.0,0.0,0.0
0.0,0.0,0.0,0.0,0.0
0.0,0.0,0.0,0.0,0.0
0.0,0.0,0.0,0.0,0.0
0.0,0.0,0.0,0.0,0.0
0.0,0.0,0.0,0.0,0.0
0.0,0.0,0.0,0.0,0.0
0.0,0.0,0.0,0.0,0.0
0.0,0.0,0.0,0.0,0.0
0.0,0.0,0.0,0.0,0.0
0.0,0.0,0.0,0.0,0.0
0.0,0.0,0.0,0.0,0.0
0.0,0.0,0.0,0.0,0.0
0.0,0.0,0.0,0.0,0.0
0.0,0.0,0.0,0.0,0.0
0.0,0.0,0.0,0.0,0.0
0.0,0.0,0.0,0.0,0.0
0.0,0.0,0.0,0.0,0.0
0.0,0.0,0.0,0.0,0.0
0.0,0.0,0.0,0.0,0.0
0.0,0.0,0.0,0.0,0.0
0.0,0.0,0.0,0.0,0.0
0.0,0.0,0.0,0.0,0.0
0.0,0.0,0.0,0.0,0.0
0.0,0.0,0.0,0.0,0.0
0.0,0.0,0.0,0.0,0.0
0.0,0.0,0.0,0.0,0.0
0.0,0.0,0.0,0.0,0.0
0.0,0.0,0.0,0.0,0.0
0.0,0.0,0.0,0.0,0.0
0.0,0.0,0.0,0.0,0.0
0.0,0.0,0.0,0.0,0.0
0.0,0.0,0.0,0.0,0.0
0.0,0.0,0.0,0.0,0.0
0.0,0.0,0.0,0.0,0.0
0.0,0.0,0.0,0.0,0.0
0.0,0.0,0.0,0.0,0.0
0.0,0.0,0.0,0.0,0.0
0.0,0.0,0.0,0.0,0.0
0.0,0.0,0.0,0.0,0.0
0.0,0.0,0.0,0.0,0.0
0.0,0.0,0.0,0.0,0.0
0.0,0.0,0.0,0.0,0.0
0.0,0.0,0.0,0.0,0.0
0.0,0.0,0.0,0.0,0.0
0.0,0.0,0.0,0.0,0.0
0.0,0.0,0.0,0.0,0.0
0.0,0.0,0.0,0.0,0.0
0.0,0.0,0.0,0.0,0.0
0.0,0.0,0.0,0.0,0.0
0.0,0.0,0.0,0.0,0.0
0.0,0.0,0.0,0.0,0.0
0.0,0.0,0.0,0.0,0.0
0.0,0.0,0.0,0.0,0.0
0.0,0.0,0.0,0.0,0.0
0.0,0.0,0.0,0.0,0.0
0.0,0.0,0.0,0.0,0.0
0.0,0.0,0.0,0.0,0.0
0.0,0.0,0.0,0.0,0.0
0.0,0.0,0.0,0.0,0.0
0.0,0.0,0.0,0.0,0.0
0.0,0.0,0.0,0.0,0.0
0.0,0.0,0.0,0.0,0.0
0.0,0.0,0.0,0.0,0.0
0.0,0.0,0.0,0.0,0.0
0.0,0.0,0.0,0.0,0.0
0.0,0.0,0.0,0.0,0.0
0.0,0.0,0.0,0.0,0.0
0.0,0.0,0.0,0.0,0.0
0.0,0.0,0.0,0.0,0.0
0.0,0.0,0.0,0.0,0.0
0.0,0.0,0.0,0.0,0.0
0.0,0.0,0.0,0.0,0.0
0.0,0.0,0.0,0.0,0.0
0.0,0.0,0.0,0.0,0.0
0.0,0.0,0.0,0.0,0.0
0.0,0.0,0.0,0.0,0.0
0.0,0.0,0.0,0.0,0.0
0.0,0.0,0.0,0.0,0.0
0.0,0.0,0.0,0.0,0.0
0.0,0.0,0.0,0.0,0.0
0.0,0.0,0.0,0.0,0.0
0.0,0.0,0.0,0.0,0.0
0.0,0.0,0.0,0.0,0.0
0.0,0.0,0.0,0.0,0.0
0.0,0.0,0.0,0.0,0.0
0.0,0.0,0.0,0.0,0.0
0.0,0.0,0.0,0.0,0.0
0.0,0.0,0.0,0.0,0.0
0.0,0.0,0.0,0.0,0.0
0.0,0.0,0.0,0.0,0.0
0.0,0.0,0.0,0.0,0.0
0.0,0.0,0.0,0.0,0.0
0.0,0.0,0.0,0.0,0.0
0.0,0.0,0.0,0.0,0.0
0.0,0.0,0.0,0.0,0.0
0.0,0.0,0.0,0.0,0.0
0.0,0.0,0.0,0.0,0.0
0.0,0.0,0.0,0.0,0.0
0.0,0.0,0.0,0.0,0.0
0.0,0.0,0.0,0.0,0.0
0.0,0.0,0.0,0.0,0.0
0.0,0.0,0.0,0.0,0.0
0.0,0.0,0.0,0.0,0.0
0.0,0.0,0.0,0.0,0.0
0.0,0.0,0.0,0.0,0.0
0.0,0.0,0.0,0.0,0.0
0.0,0.0,0.0,0.0,0.0
0.0,0.0,0.0,0.0,0.0
0.0,0.0,0.0,0.0,0.0
0.0,0.0,0.0,0.0,0.0
0.0,0.0,0.0,0.0,0.0
0.0,0.0,0.0,0.0,0.0
0.0,0.0,0.0,0.0,0.0
0.0,0.0,0.0,0.0,0.0
0.0,0.0,0.0,0.0,0.0
0.0,0.0,0.0,0.0,0.0
0.0,0.0,0.0,0.0,0.0
0.0,0.0,0.0,0.0,0.0
0.0,0.0,0.0,0.0,0.0
0.0,0.0,0.0,0.0,0.0
0.0,0.0,0.0,0.0,0.0
0.0,0.0,0.0,0.0,0.0
0.0,0.0,0.0,0.0,0.0
0.0,0.0,0.0,0.0,0.0
0.0,0.0,0.0,0.0,0.0
0.0,0.0,0.0,0.0,0.0
0.0,0.0,0.0,0.0,0.0
0.0,0.0,0.0,0.0,0.0
0.0,0.0,0.0,0.0,0.0
0.0,0.0,0.0,0.0,0.0
0.0,0.0,0.0,0.0,0.0
0.0,0.0,0.0,0.0,0.0
0.0,0.0,0.0,0.0,0.0
0.0,0.0,0.0,0.0,0.0
0.0,0.0,0.0,0.0,0.0
0.0,0.0,0.0,0.0,0.0
0.0,0.0,0.0,0.0,0.0
0.0,0.0,0.0,0.0,0.0
0.0,0.0,0.0,0.0,0.0
0.0,0.0,0.0,0.0,0.0
0.0,0.0,0.0,0.0,0.0
0.0,0.0,0.0,0.0,0.0
0.0,0.0,0.0,0.0,0.0
0.0,0.0,0.0,0.0,0.0
0.0,0.0,0.0,0.0,0.0
0.0,0.0,0.0,0.0,0.0
0.0,0.0,0.0,0.0,0.0
0.0,0.0,0.0,0.0,0.0
0.0,0.0,0.0,0.0,0.0
0.0,0.0,0.0,0.0,0.0
0.0,0.0,0.0,0.0,0.0
0.0,0.0,0.0,0.0,0.0
0.0,0.0,0.0,0.0,0.0
0.0,0.0,0.0,0.0,0.0
0.0,0.0,0.0,0.0,0.0
0.0,0.0,0.0,0.0,0.0
0.0,0.0,0.0,0.0,0.0
0.0,0.0,0.0,0.0,0.0
0.0,0.0,0.0,0.0,0.0
0.0,0.0,0.0,0.0,0.0
0.0,0.0,0.0,0.0,0.0
0.0,0.0,0.0,0.0,0.0
0.0,0.0,0.0,0.0,0.0
0.0,0.0,0.0,0.0,0.0
0.0,0.0,0.0,0.0,0.0
0.0,0.0,0.0,0.0,0.0
0.0,0.0,0.0,0.0,0.0
0.0,0.0,0.0,0.0,0.0
0.0,0.0,0.0,0.0,0.0
0.0,0.0,0.0,0.0,0.0
0.0,0.0,0.0,0.0,0.0
0.0,0.0,0.0,0.0,0.0
0.0,0.0,0.0,0.0,0.0
0.0,0.0,0.0,0.0,0.0
0.0,0.0,0.0,0.0,0.0
0.0,0.0,0.0,0.0,0.0
0.0,0.0,0.0,0.0,0.0
0.0,0.0,0.0,0.0,0.0
0.0,0.0,0.0,0.0,0.0
0.0,0.0,0.0,0.0,0.0
0.0,0.0,0.0,0.0,0.0
0.0,0.0,0.0,0.0,0.0
0.0,0.0,0.0,0.0,0.0
0.0,0.0,0.0,0.0,0.0
0.0,0.0,0.0,0.0,0.0
0.0,0.0,0.0,0.0,0.0
0.0,0.0,0.0,0.0,0.0
0.0,0.0,0.0,0.0,0.0
0.0,0.0,0.0,0.0,0.0
0.0,0.0,0.0,0.0,0.0
0.0,0.0,0.0,0.0,0.0
0.0,0.0,0.0,0.0,0.0
0.0,0.0,0.0,0.0,0.0
0.0,0.0,0.0,0.0,0.0
0.0,0.0,0.0,0.0,0.0
0.0,0.0,0.0,0.0,0.0
0.0,0.0,0.0,0.0,0.0
0.0,0.0,0.0,0.0,0.0
0.0,0.0,0.0,0.0,0.0
0.0,0.0,0.0,0.0,0.0
0.0,0.0,0.0,0.0,0.0
0.0,0.0,0.0,0.0,0.0
0.0,0.0,0.0,0.0,0.0
0.0,0.0,0.0,0.0,0.0
0.0,0.0,0.0,0.0,0.0
0.0,0.0,0.0,0.0,0.0
0.0,0.0,0.0,0.0,0.0
0.0,0.0,0.0,0.0,0.0
0.0,0.0,0.0,0.0,0.0
0.0,0.0,0.0,0.0,0.0
0.0,0.0,0.0,0.0,0.0
0.0,0.0,0.0,0.0,0.0
0.0,0.0,0.0,0.0,0.0
0.0,0.0,0.0,0.0,0.0
0.0,0.0,0.0,0.0,0.0
0.0,0.0,0.0,0.0,0.0
0.0,0.0,0.0,0.0,0.0
0.0,0.0,0.0,0.0,0.0
0.0,0.0,0.0,0.0,0.0
0.0,0.0,0.0,0.0,0.0
0.0,0.0,0.0,0.0,0.0
0.0,0.0,0.0,0.0,0.0
0.0,0.0,0.0,0.0,0.0
0.0,0.0,0.0,0.0,0.0
0.0,0.0,0.0,0.0,0.0
0.0,0.0,0.0,0.0,0.0
0.0,0.0,0.0,0.0,0.0
0.0,0.0,0.0,0.0,0.0
0.0,0.0,0.0,0.0,0.0
0.0,0.0,0.0,0.0,0.0
0.0,0.0,0.0,0.0,0.0
0.0,0.0,0.0,0.0,0.0
0.0,0.0,0.0,0.0,0.0
0.0,0.0,0.0,0.0,0.0
0.0,0.0,0.0,0.0,0.0
0.0,0.0,0.0,0.0,0.0
0.0,0.0,0.0,0.0,0.0
0.0,0.0,0.0,0.0,0.0
0.0,0.0,0.0,0.0,0.0
0.0,0.0,0.0,0.0,0.0
0.0,0.0,0.0,0.0,0.0
0.0,0.0,0.0,0.0,0.0
0.0,0.0,0.0,0.0,0.0
0.0,0.0,0.0,0.0,0.0
0.0,0.0,0.0,0.0,0.0
0.0,0.0,0.0,0.0,0.0
0.0,0.0,0.0,0.0,0.0
0.0,0.0,0.0,0.0,0.0
0.0,0.0,0.0,0.0,0.0
0.0,0.0,0.0,0.0,0.0
0.0,0.0,0.0,0.0,0.0
0.0,0.0,0.0,0.0,0.0
0.0,0.0,0.0,0.0,0.0
0.0,0.0,0.0,0.0,0.0
0.0,0.0,0.0,0.0,0.0
0.0,0.0,0.0,0.0,0.0
0.0,0.0,0.0,0.0,0.0
0.0,0.0,0.0,0.0,0.0
0.0,0.0,0.0,0.0,0.0
0.0,0.0,0.0,0.0,0.0
0.0,0.0,0.0,0.0,0.0
0.0,0.0,0.0,0.0,0.0
0.0,0.0,0.0,0.0,0.0
0.0,0.0,0.0,0.0,0.0
0.0,0.0,0.0,0.0,0.0
0.0,0.0,0.0,0.0,0.0
0.0,0.0,0.0,0.0,0.0
0.0,0.0,0.0,0.0,0.0
0.0,0.0,0.0,0.0,0.0
0.0,0.0,0.0,0.0,0.0
0.0,0.0,0.0,0.0,0.0
0.0,0.0,0.0,0.0,0.0
0.0,0.0,0.0,0.0,0.0
0.0,0.0,0.0,0.0,0.0
0.0,0.0,0.0,0.0,0.0
0.0,0.0,0.0,0.0,0.0
0.0,0.0,0.0,0.0,0.0
0.0,0.0,0.0,0.0,0.0
0.0,0.0,0.0,0.0,0.0
0.0,0.0,0.0,0.0,0.0
0.0,0.0,0.0,0.0,0.0
0.0,0.0,0.0,0.0,0.0
0.0,0.0,0.0,0.0,0.0
0.0,0.0,0.0,0.0,0.0
0.0,0.0,0.0,0.0,0.0
0.0,0.0,0.0,0.0,0.0
0.0,0.0,0.0,0.0,0.0
0.0,0.0,0.0,0.0,0.0
0.0,0.0,0.0,0.0,0.0
0.0,0.0,0.0,0.0,0.0
0.0,0.0,0.0,0.0,0.0
0.0,0.0,0.0,0.0,0.0
0.0,0.0,0.0,0.0,0.0
0.0,0.0,0.0,0.0,0.0
0.0,0.0,0.0,0.0,0.0
0.0,0.0,0.0,0.0,0.0
0.0,0.0,0.0,0.0,0.0
0.0,0.0,0.0,0.0,0.0
0.0,0.0,0.0,0.0,0.0
0.0,0.0,0.0,0.0,0.0
0.0,0.0,0.0,0.0,0.0
0.0,0.0,0.0,0.0,0.0
0.0,0.0,0.0,0.0,0.0
0.0,0.0,0.0,0.0,0.0
0.0,0.0,0.0,0.0,0.0
0.0,0.0,0.0,0.0,0.0
0.0,0.0,0.0,0.0,0.0
0.0,0.0,0.0,0.0,0.0
0.0,0.0,0.0,0.0,0.0
0.0,0.0,0.0,0.0,0.0
0.0,0.0,0.0,0.0,0.0
0.0,0.0,0.0,0.0,0.0
0.0,0.0,0.0,0.0,0.0
0.0,0.0,0.0,0.0,0.0
0.0,0.0,0.0,0.0,0.0
0.0,0.0,0.0,0.0,0.0
0.0,0.0,0.0,0.0,0.0
0.0,0.0,0.0,0.0,0.0
0.0,0.0,0.0,0.0,0.0
0.0,0.0,0.0,0.0,0.0
0.0,0.0,0.0,0.0,0.0
0.0,0.0,0.0,0.0,0.0
0.0,0.0,0.0,0.0,0.0
0.0,0.0,0.0,0.0,0.0
0.0,0.0,0.0,0.0,0.0
0.0,0.0,0.0,0.0,0.0
0.0,0.0,0.0,0.0,0.0
0.0,0.0,0.0,0.0,0.0
0.0,0.0,0.0,0.0,0.0
0.0,0.0,0.0,0.0,0.0
0.0,0.0,0.0,0.0,0.0
0.0,0.0,0.0,0.0,0.0
0.0,0.0,0.0,0.0,0.0
0.0,0.0,0.0,0.0,0.0
0.0,0.0,0.0,0.0,0.0
0.0,0.0,0.0,0.0,0.0
0.0,0.0,0.0,0.0,0.0
0.0,0.0,0.0,0.0,0.0
0.0,0.0,0.0,0.0,0.0
0.0,0.0,0.0,0.0,0.0
0.0,0.0,0.0,0.0,0.0
0.0,0.0,0.0,0.0,0.0
0.0,0.0,0.0,0.0,0.0
0.0,0.0,0.0,0.0,0.0
0.0,0.0,0.0,0.0,0.0
0.0,0.0,0.0,0.0,0.0
0.0,0.0,0.0,0.0,0.0
0.0,0.0,0.0,0.0,0.0
0.0,0.0,0.0,0.0,0.0
0.0,0.0,0.0,0.0,0.0
0.0,0.0,0.0,0.0,0.0
0.0,0.0,0.0,0.0,0.0
0.0,0.0,0.0,0.0,0.0
0.0,0.0,0.0,0.0,0.0
0.0,0.0,0.0,0.0,0.0
0.0,0.0,0.0,0.0,0.0
0.0,0.0,0.0,0.0,0.0
0.0,0.0,0.0,0.0,0.0
0.0,0.0,0.0,0.0,0.0
0.0,0.0,0.0,0.0,0.0
0.0,0.0,0.0,0.0,0.0
0.0,0.0,0.0,0.0,0.0
0.0,0.0,0.0,0.0,0.0
0.0,0.0,0.0,0.0,0.0
0.0,0.0,0.0,0.0,0.0
0.0,0.0,0.0,0.0,0.0
0.0,0.0,0.0,0.0,0.0
0.0,0.0,0.0,0.0,0.0
0.0,0.0,0.0,0.0,0.0
0.0,0.0,0.0,0.0,0.0
0.0,0.0,0.0,0.0,0.0
0.0,0.0,0.0,0.0,0.0
0.0,0.0,0.0,0.0,0.0
0.0,0.0,0.0,0.0,0.0
0.0,0.0,0.0,0.0,0.0
0.0,0.0,0.0,0.0,0.0
0.0,0.0,0.0,0.0,0.0
0.0,0.0,0.0,0.0,0.0
0.0,0.0,0.0,0.0,0.0
0.0,0.0,0.0,0.0,0.0
0.0,0.0,0.0,0.0,0.0
0.0,0.0,0.0,0.0,0.0
0.0,0.0,0.0,0.0,0.0
0.0,0.0,0.0,0.0,0.0
0.0,0.0,0.0,0.0,0.0
0.0,0.0,0.0,0.0,0.0
0.0,0.0,0.0,0.0,0.0
0.0,0.0,0.0,0.0,0.0
0.0,0.0,0.0,0.0,0.0
0.0,0.0,0.0,0.0,0.0
0.0,0.0,0.0,0.0,0.0
0.0,0.0,0.0,0.0,0.0
0.0,0.0,0.0,0.0,0.0
0.0,0.0,0.0,0.0,0.0
0.0,0.0,0.0,0.0,0.0
0.0,0.0,0.0,0.0,0.0
0.0,0.0,0.0,0.0,0.0
0.0,0.0,0.0,0.0,0.0
0.0,0.0,0.0,0.0,0.0
0.0,0.0,0.0,0.0,0.0
0.0,0.0,0.0,0.0,0.0
0.0,0.0,0.0,0.0,0.0
0.0,0.0,0.0,0.0,0.0
0.0,0.0,0.0,0.0,0.0
0.0,0.0,0.0,0.0,0.0
0.0,0.0,0.0,0.0,0.0
0.0,0.0,0.0,0.0,0.0
0.0,0.0,0.0,0.0,0.0
0.0,0.0,0.0,0.0,0.0
0.0,0.0,0.0,0.0,0.0
0.0,0.0,0.0,0.0,0.0
0.0,0.0,0.0,0.0,0.0
0.0,0.0,0.0,0.0,0.0
0.0,0.0,0.0,0.0,0.0
0.0,0.0,0.0,0.0,0.0
0.0,0.0,0.0,0.0,0.0
0.0,0.0,0.0,0.0,0.0
0.0,0.0,0.0,0.0,0.0
0.0,0.0,0.0,0.0,0.0
0.0,0.0,0.0,0.0,0.0
0.0,0.0,0.0,0.0,0.0
0.0,0.0,0.0,0.0,0.0
0.0,0.0,0.0,0.0,0.0
0.0,0.0,0.0,0.0,0.0
0.0,0.0,0.0,0.0,0.0
0.0,0.0,0.0,0.0,0.0
0.0,0.0,0.0,0.0,0.0
0.0,0.0,0.0,0.0,0.0
0.0,0.0,0.0,0.0,0.0
0.0,0.0,0.0,0.0,0.0
0.0,0.0,0.0,0.0,0.0
0.0,0.0,0.0,0.0,0.0
0.0,0.0,0.0,0.0,0.0
0.0,0.0,0.0,0.0,0.0
0.0,0.0,0.0,0.0,0.0
0.0,0.0,0.0,0.0,0.0
0.0,0.0,0.0,0.0,0.0
0.0,0.0,0.0,0.0,0.0
0.0,0.0,0.0,0.0,0.0
0.0,0.0,0.0,0.0,0.0
0.0,0.0,0.0,0.0,0.0
0.0,0.0,0.0,0.0,0.0
0.0,0.0,0.0,0.0,0.0
0.0,0.0,0.0,0.0,0.0
0.0,0.0,0.0,0.0,0.0
0.0,0.0,0.0,0.0,0.0
0.0,0.0,0.0,0.0,0.0
0.0,0.0,0.0,0.0,0.0
0.0,0.0,0.0,0.0,0.0
0.0,0.0,0.0,0.0,0.0
0.0,0.0,0.0,0.0,0.0
0.0,0.0,0.0,0.0,0.0
0.0,0.0,0.0,0.0,0.0
0.0,0.0,0.0,0.0,0.0
0.0,0.0,0.0,0.0,0.0
0.0,0.0,0.0,0.0,0.0
0.0,0.0,0.0,0.0,0.0
0.0,0.0,0.0,0.0,0.0
0.0,0.0,0.0,0.0,0.0
0.0,0.0,0.0,0.0,0.0
0.0,0.0,0.0,0.0,0.0
0.0,0.0,0.0,0.0,0.0
0.0,0.0,0.0,0.0,0.0
0.0,0.0,0.0,0.0,0.0
0.0,0.0,0.0,0.0,0.0
0.0,0.0,0.0,0.0,0.0
0.0,0.0,0.0,0.0,0.0
0.0,0.0,0.0,0.0,0.0
0.0,0.0,0.0,0.0,0.0
0.0,0.0,0.0,0.0,0.0
0.0,0.0,0.0,0.0,0.0
0.0,0.0,0.0,0.0,0.0
0.0,0.0,0.0,0.0,0.0
0.0,0.0,0.0,0.0,0.0
0.0,0.0,0.0,0.0,0.0
0.0,0.0,0.0,0.0,0.0
0.0,0.0,0.0,0.0,0.0
0.0,0.0,0.0,0.0,0.0
0.0,0.0,0.0,0.0,0.0
0.0,0.0,0.0,0.0,0.0
0.0,0.0,0.0,0.0,0.0
0.0,0.0,0.0,0.0,0.0
0.0,0.0,0.0,0.0,0.0
0.0,0.0,0.0,0.0,0.0
0.0,0.0,0.0,0.0,0.0
0.0,0.0,0.0,0.0,0.0
0.0,0.0,0.0,0.0,0.0
0.0,0.0,0.0,0.0,0.0
0.0,0.0,0.0,0.0,0.0
0.0,0.0,0.0,0.0,0.0
0.0,0.0,0.0,0.0,0.0
0.0,0.0,0.0,0.0,0.0
0.0,0.0,0.0,0.0,0.0
0.0,0.0,0.0,0.0,0.0
0.0,0.0,0.0,0.0,0.0
0.0,0.0,0.0,0.0,0.0
0.0,0.0,0.0,0.0,0.0
0.0,0.0,0.0,0.0,0.0
0.0,0.0,0.0,0.0,0.0
0.0,0.0,0.0,0.0,0.0
0.0,0.0,0.0,0.0,0.0
0.0,0.0,0.0,0.0,0.0
0.0,0.0,0.0,0.0,0.0
0.0,0.0,0.0,0.0,0.0
0.0,0.0,0.0,0.0,0.0
0.0,0.0,0.0,0.0,0.0
0.0,0.0,0.0,0.0,0.0
0.0,0.0,0.0,0.0,0.0
0.0,0.0,0.0,0.0,0.0
0.0,0.0,0.0,0.0,0.0
0.0,0.0,0.0,0.0,0.0
0.0,0.0,0.0,0.0,0.0
0.0,0.0,0.0,0.0,0.0
0.0,0.0,0.0,0.0,0.0
0.0,0.0,0.0,0.0,0.0
0.0,0.0,0.0,0.0,0.0
0.0,0.0,0.0,0.0,0.0
0.0,0.0,0.0,0.0,0.0
0.0,0.0,0.0,0.0,0.0
0.0,0.0,0.0,0.0,0.0
0.0,0.0,0.0,0.0,0.0
0.0,0.0,0.0,0.0,0.0
0.0,0.0,0.0,0.0,0.0
0.0,0.0,0.0,0.0,0.0
0.0,0.0,0.0,0.0,0.0
0.0,0.0,0.0,0.0,0.0
0.0,0.0,0.0,0.0,0.0
0.0,0.0,0.0,0.0,0.0
0.0,0.0,0.0,0.0,0.0
0.0,0.0,0.0,0.0,0.0
0.0,0.0,0.0,0.0,0.0
0.0,0.0,0.0,0.0,0.0
0.0,0.0,0.0,0.0,0.0
0.0,0.0,0.0,0.0,0.0
0.0,0.0,0.0,0.0,0.0
0.0,0.0,0.0,0.0,0.0
0.0,0.0,0.0,0.0,0.0
0.0,0.0,0.0,0.0,0.0
0.0,0.0,0.0,0.0,0.0
0.0,0.0,0.0,0.0,0.0
0.0,0.0,0.0,0.0,0.0
0.0,0.0,0.0,0.0,0.0
0.0,0.0,0.0,0.0,0.0
0.0,0.0,0.0,0.0,0.0
0.0,0.0,0.0,0.0,0.0
0.0,0.0,0.0,0.0,0.0
0.0,0.0,0.0,0.0,0.0
0.0,0.0,0.0,0.0,0.0
0.0,0.0,0.0,0.0,0.0
0.0,0.0,0.0,0.0,0.0
0.0,0.0,0.0,0.0,0.0
0.0,0.0,0.0,0.0,0.0
0.0,0.0,0.0,0.0,0.0
0.0,0.0,0.0,0.0,0.0
0.0,0.0,0.0,0.0,0.0
0.0,0.0,0.0,0.0,0.0
0.0,0.0,0.0,0.0,0.0
0.0,0.0,0.0,0.0,0.0
0.0,0.0,0.0,0.0,0.0
0.0,0.0,0.0,0.0,0.0
0.0,0.0,0.0,0.0,0.0
0.0,0.0,0.0,0.0,0.0
0.0,0.0,0.0,0.0,0.0
0.0,0.0,0.0,0.0,0.0
0.0,0.0,0.0,0.0,0.0
0.0,0.0,0.0,0.0,0.0
0.0,0.0,0.0,0.0,0.0
0.0,0.0,0.0,0.0,0.0
0.0,0.0,0.0,0.0,0.0
0.0,0.0,0.0,0.0,0.0
0.0,0.0,0.0,0.0,0.0
0.0,0.0,0.0,0.0,0.0
0.0,0.0,0.0,0.0,0.0
0.0,0.0,0.0,0.0,0.0
0.0,0.0,0.0,0.0,0.0
0.0,0.0,0.0,0.0,0.0
0.0,0.0,0.0,0.0,0.0
0.0,0.0,0.0,0.0,0.0
0.0,0.0,0.0,0.0,0.0
0.0,0.0,0.0,0.0,0.0
0.0,0.0,0.0,0.0,0.0
0.0,0.0,0.0,0.0,0.0
0.0,0.0,0.0,0.0,0.0
0.0,0.0,0.0,0.0,0.0
0.0,0.0,0.0,0.0,0.0
0.0,0.0,0.0,0.0,0.0
0.0,0.0,0.0,0.0,0.0
0.0,0.0,0.0,0.0,0.0
0.0,0.0,0.0,0.0,0.0
0.0,0.0,0.0,0.0,0.0
0.0,0.0,0.0,0.0,0.0
0.0,0.0,0.0,0.0,0.0
0.0,0.0,0.0,0.0,0.0
0.0,0.0,0.0,0.0,0.0
0.0,0.0,0.0,0.0,0.0
0.0,0.0,0.0,0.0,0.0
0.0,0.0,0.0,0.0,0.0
0.0,0.0,0.0,0.0,0.0
0.0,0.0,0.0,0.0,0.0
0.0,0.0,0.0,0.0,0.0
0.0,0.0,0.0,0.0,0.0
0.0,0.0,0.0,0.0,0.0
0.0,0.0,0.0,0.0,0.0
0.0,0.0,0.0,0.0,0.0
0.0,0.0,0.0,0.0,0.0
0.0,0.0,0.0,0.0,0.0
0.0,0.0,0.0,0.0,0.0
0.0,0.0,0.0,0.0,0.0
0.0,0.0,0.0,0.0,0.0
0.0,0.0,0.0,0.0,0.0
0.0,0.0,0.0,0.0,0.0
0.0,0.0,0.0,0.0,0.0
0.0,0.0,0.0,0.0,0.0
0.0,0.0,0.0,0.0,0.0
0.0,0.0,0.0,0.0,0.0
0.0,0.0,0.0,0.0,0.0
0.0,0.0,0.0,0.0,0.0
0.0,0.0,0.0,0.0,0.0
0.0,0.0,0.0,0.0,0.0
0.0,0.0,0.0,0.0,0.0
0.0,0.0,0.0,0.0,0.0
0.0,0.0,0.0,0.0,0.0
0.0,0.0,0.0,0.0,0.0
0.0,0.0,0.0,0.0,0.0
0.0,0.0,0.0,0.0,0.0
0.0,0.0,0.0,0.0,0.0
0.0,0.0,0.0,0.0,0.0
0.0,0.0,0.0,0.0,0.0
0.0,0.0,0.0,0.0,0.0
0.0,0.0,0.0,0.0,0.0
0.0,0.0,0.0,0.0,0.0
0.0,0.0,0.0,0.0,0.0
0.0,0.0,0.0,0.0,0.0
0.0,0.0,0.0,0.0,0.0
0.0,0.0,0.0,0.0,0.0
0.0,0.0,0.0,0.0,0.0
0.0,0.0,0.0,0.0,0.0
0.0,0.0,0.0,0.0,0.0
0.0,0.0,0.0,0.0,0.0
0.0,0.0,0.0,0.0,0.0
0.0,0.0,0.0,0.0,0.0
0.0,0.0,0.0,0.0,0.0
0.0,0.0,0.0,0.0,0.0
0.0,0.0,0.0,0.0,0.0
0.0,0.0,0.0,0.0,0.0
0.0,0.0,0.0,0.0,0.0
0.0,0.0,0.0,0.0,0.0
0.0,0.0,0.0,0.0,0.0
0.0,0.0,0.0,0.0,0.0
0.0,0.0,0.0,0.0,0.0
0.0,0.0,0.0,0.0,0.0
0.0,0.0,0.0,0.0,0.0
0.0,0.0,0.0,0.0,0.0
0.0,0.0,0.0,0.0,0.0
0.0,0.0,0.0,0.0,0.0
0.0,0.0,0.0,0.0,0.0
0.0,0.0,0.0,0.0,0.0
0.0,0.0,0.0,0.0,0.0
0.0,0.0,0.0,0.0,0.0
0.0,0.0,0.0,0.0,0.0
0.0,0.0,0.0,0.0,0.0
0.0,0.0,0.0,0.0,0.0
0.0,0.0,0.0,0.0,0.0
0.0,0.0,0.0,0.0,0.0
0.0,0.0,0.0,0.0,0.0
0.0,0.0,0.0,0.0,0.0
0.0,0.0,0.0,0.0,0.0
0.0,0.0,0.0,0.0,0.0
0.0,0.0,0.0,0.0,0.0
0.0,0.0,0.0,0.0,0.0
0.0,0.0,0.0,0.0,0.0
0.0,0.0,0.0,0.0,0.0
0.0,0.0,0.0,0.0,0.0
0.0,0.0,0.0,0.0,0.0
0.0,0.0,0.0,0.0,0.0
0.0,0.0,0.0,0.0,0.0
0.0,0.0,0.0,0.0,0.0
0.0,0.0,0.0,0.0,0.0
0.0,0.0,0.0,0.0,0.0
0.0,0.0,0.0,0.0,0.0
0.0,0.0,0.0,0.0,0.0
0.0,0.0,0.0,0.0,0.0
0.0,0.0,0.0,0.0,0.0
0.0,0.0,0.0,0.0,0.0
0.0,0.0,0.0,0.0,0.0
0.0,0.0,0.0,0.0,0.0
0.0,0.0,0.0,0.0,0.0
0.0,0.0,0.0,0.0,0.0
0.0,0.0,0.0,0.0,0.0
0.0,0.0,0.0,0.0,0.0
0.0,0.0,0.0,0.0,0.0
0.0,0.0,0.0,0.0,0.0
0.0,0.0,0.0,0.0,0.0
0.0,0.0,0.0,0.0,0.0
0.0,0.0,0.0,0.0,0.0
0.0,0.0,0.0,0.0,0.0
0.0,0.0,0.0,0.0,0.0
0.0,0.0,0.0,0.0,0.0
0.0,0.0,0.0,0.0,0.0
0.0,0.0,0.0,0.0,0.0
0.0,0.0,0.0,0.0,0.0
0.0,0.0,0.0,0.0,0.0
0.0,0.0,0.0,0.0,0.0
0.0,0.0,0.0,0.0,0.0
0.0,0.0,0.0,0.0,0.0
2000_011,0.0,0.0,0.0,27.25478979
2000_012,0.0,0.0,0.0,31.74640795
2000_013,0.0,0.0,0.0,26.67299642
2000_021,0.0,0.0,0.0,22.69058735
2000_022,0.0,0.0,0.0,27.88582917
2000_023,0.0,0.0,0.0,25.54065373
2000_031,0.0,0.0,0.0,29.14582246
2000_032,0.0,0.0,0.0,24.6486707
2000_033,0.0,0.0,0.0,42.97299039
2000_041,0.0,0.0,0.0,68.23602085
2000_042,0.0,0.0,0.0,98.49991131
2000_043,0.0,0.0,0.0,95.34594563
2000_051,0.0,0.0,0.0,98.89246764
2000_052,0.0,0.0,0.0,99.00752474
2000_053,0.0,0.0,0.0,98.82909001
2000_061,0.0,0.0,0.0,99.4898303
2000_062,0.0,0.0,0.0,99.75847884
2000_063,0.0,0.0,0.0,99.63483867
2000_071,0.0,0.0,0.0,99.15493526
2000_072,0.0,0.0,0.0,98.03168221
2000_073,0.0,0.0,0.0,92.27355514
2000_081,0.0,0.0,0.0,88.53497999
2000_082,0.0,0.0,0.0,91.03361653
2000_083,0.0,0.0,0.0,99.10188908
2000_091,0.0,0.0,0.0,95.65697988
2000_092,0.0,0.0,0.0,98.4661499
2000_093,0.0,0.0,0.0,93.40214086
2000_101,0.0,0.0,0.0,96.21017757
2000_102,0.0,0.0,0.0,92.21252938
2000_103,0.0,0.0,0.0,98.15965986
2000_111,0.0,0.0,0.0,91.72813005
2000_112,0.0,0.0,0.0,87.76272132
2000_113,0.0,0.0,0.0,88.70750006
2000_121,0.0,0.0,0.0,75.43313032
2000_122,0.0,0.0,0.0,64.69936779
2000_123,0.0,0.0,0.0,64.36217073
2001_011,0.0,0.0,0.0,59.92422862
2001_012,0.0,0.0,0.0,53.86437494
2001_013,0.0,0.0,0.0,57.58987022
2001_021,0.0,0.0,0.0,62.29412637
2001_022,0.0,0.0,0.0,76.11399138
2001_023,0.0,0.0,0.0,75.49858725
2001_031,0.0,0.0,0.0,90.33018157
2001_032,0.0,0.0,0.0,88.2130038
2001_033,0.0,0.0,0.0,99.28648563
2001_041,0.0,0.0,0.0,93.37126002
2001_042,0.0,0.0,0.0,93.81330692
2001_043,0.0,0.0,0.0,96.91954
2001_051,0.0,0.0,0.0,98.84731449
2001_052,0.0,0.0,0.0,98.96954703
2001_053,0.0,0.0,0.0,98.01389892
2001_061,0.0,0.0,0.0,99.66240851
2001_062,0.0,0.0,0.0,99.43557675
2001_063,0.0,0.0,0.0,98.44220538
2001_071,0.0,0.0,0.0,98.98620003
2001_072,0.0,0.0,0.0,99.34147577
2001_073,0.0,0.0,0.0,98.92199859
2001_081,0.0,0.0,0.0,96.04985933
2001_082,0.0,0.0,0.0,98.79301887
2001_083,0.0,0.0,0.0,97.46787995
2001_091,0.0,0.0,0.0,98.43093867
2001_092,0.0,0.0,0.0,91.70302187
2001_093,0.0,0.0,0.0,82.6274649
2001_101,0.0,0.0,0.0,98.02570377
2001_102,0.0,0.0,0.0,97.56957966
2001_103,0.0,0.0,0.0,97.61695065
2001_111,0.0,0.0,0.0,94.92049382
2001_112,0.0,0.0,0.0,87.93145466
2001_113,0.0,0.0,0.0,92.37463379
2001_121,0.0,0.0,0.0,96.97013133
2001_122,0.0,0.0,0.0,85.58550546
2001_123,0.0,0.0,0.0,69.02873765
2002_011,0.0,0.0,0.0,88.12759417
2002_012,0.0,0.0,0.0,70.76262638
2002_013,0.0,0.0,0.0,62.19454906
2002_021,0.0,0.0,0.0,66.45546525
2002_022,0.0,0.0,0.0,80.65098556
2002_023,0.0,0.0,0.0,86.16130652
2002_031,0.0,0.0,0.0,93.71744255
2002_032,0.0,0.0,0.0,99.6861411
2002_033,0.0,0.0,0.0,98.65909965
2002_041,0.0,0.0,0.0,97.83570393
2002_042,0.0,0.0,0.0,98.42549116
2002_043,0.0,0.0,0.0,98.99514574
2002_051,0.0,0.0,0.0,94.35445189
2002_052,0.0,0.0,0.0,99.7636757
2002_053,0.0,0.0,0.0,98.30617588
2002_061,0.0,0.0,0.0,99.46563639
2002_062,0.0,0.0,0.0,96.78092769
2002_063,0.0,0.0,0.0,96.03359342
2002_071,0.0,0.0,0.0,99.74083118
2002_072,0.0,0.0,0.0,97.29841237
2002_073,0.0,0.0,0.0,99.38973002
2002_081,0.0,0.0,0.0,97.06002806
2002_082,0.0,0.0,0.0,93.83468532
2002_083,0.0,0.0,0.0,95.7716745
2002_091,0.0,0.0,0.0,92.7352648
2002_092,0.0,0.0,0.0,98.37638573
2002_093,0.0,0.0,0.0,93.61714021
2002_101,0.0,0.0,0.0,95.78665243
2002_102,0.0,0.0,0.0,95.85423306
2002_103,0.0,0.0,0.0,89.32504352
2002_111,0.0,0.0,0.0,80.07956501
2002_112,0.0,0.0,0.0,85.44315488
2002_113,0.0,0.0,0.0,82.05261246
2002_121,0.0,0.0,0.0,87.87060884
2002_122,0.0,0.0,0.0,74.83092721
2002_123,0.0,0.0,0.0,95.29770677
2003_011,0.0,0.0,0.0,86.02451556
2003_012,0.0,0.0,0.0,74.18835219
2003_013,0.0,0.0,0.0,67.71873936
2003_021,0.0,0.0,0.0,89.60513104
2003_022,0.0,0.0,0.0,98.13892174
2003_023,0.0,0.0,0.0,93.16019939
2003_031,0.0,0.0,0.0,98.03600637
2003_032,0.0,0.0,0.0,94.0473036
2003_033,0.0,0.0,0.0,88.19676134
2003_041,0.0,0.0,0.0,97.64398464
2003_042,0.0,0.0,0.0,89.22662857
2003_043,0.0,0.0,0.0,92.11808628
2003_051,0.0,0.0,0.0,94.51021948
2003_052,0.0,0.0,0.0,94.87331178
2003_053,0.0,0.0,0.0,98.35559899
2003_061,0.0,0.0,0.0,95.03167123
2003_062,0.0,0.0,0.0,97.65116953
2003_063,0.0,0.0,0.0,99.80632369
2003_071,0.0,0.0,0.0,99.67889067
2003_072,0.0,0.0,0.0,98.86556615
2003_073,0.0,0.0,0.0,98.26720171
2003_081,0.0,0.0,0.0,99.18913707
2003_082,0.0,0.0,0.0,92.87596971
2003_083,0.0,0.0,0.0,90.2006801
2003_091,0.0,0.0,0.0,97.22014664
2003_092,0.0,0.0,0.0,90.35536889
2003_093,0.0,0.0,0.0,95.88481703
2003_101,0.0,0.0,0.0,88.16412071
2003_102,0.0,0.0,0.0,79.84844607
2003_103,0.0,0.0,0.0,78.23638073
2003_111,0.0,0.0,0.0,64.50471559
2003_112,0.0,0.0,0.0,87.09092296
2003_113,0.0,0.0,0.0,86.27651552
2003_121,0.0,0.0,0.0,77.44052995
2003_122,0.0,0.0,0.0,72.87429122
2003_123,0.0,0.0,0.0,57.8354211
2004_011,0.0,0.0,0.0,46.5510877
2004_012,0.0,0.0,0.0,46.57836235
2004_013,0.0,0.0,0.0,35.84264209
2004_021,0.0,0.0,0.0,48.3317591
2004_022,0.0,0.0,0.0,47.80768541
2004_023,0.0,0.0,0.0,40.65709642
2004_031,0.0,0.0,0.0,38.06502838
2004_032,0.0,0.0,0.0,31.86308922
2004_033,0.0,0.0,0.0,25.04280991
2004_041,0.0,0.0,0.0,25.4443933
2004_042,0.0,0.0,0.0,53.74336211
2004_043,0.0,0.0,0.0,93.7241175
2004_051,0.0,0.0,0.0,97.08732428
2004_052,0.0,0.0,0.0,98.27459074
2004_053,0.0,0.0,0.0,98.53491087
2004_061,0.0,0.0,0.0,95.74134997
2004_062,0.0,0.0,0.0,91.29571496
2004_063,0.0,0.0,0.0,99.38823169
2004_071,0.0,0.0,0.0,98.74844764
2004_072,0.0,0.0,0.0,96.74040996
2004_073,0.0,0.0,0.0,96.39637359
2004_081,0.0,0.0,0.0,98.34634471
2004_082,0.0,0.0,0.0,97.31755833
2004_083,0.0,0.0,0.0,94.507658
2004_091,0.0,0.0,0.0,92.56195976
2004_092,0.0,0.0,0.0,86.81816058
2004_093,0.0,0.0,0.0,74.56103657
2004_101,0.0,0.0,0.0,66.97556379
2004_102,0.0,0.0,0.0,85.11488485
2004_103,0.0,0.0,0.0,90.97557504
2004_111,0.0,0.0,0.0,90.20050201
2004_112,0.0,0.0,0.0,94.84652851
2004_113,0.0,0.0,0.0,90.13472418
2004_121,0.0,0.0,0.0,70.26235363
2004_122,0.0,0.0,0.0,52.19343578
2004_123,0.0,0.0,0.0,44.69251514
2005_011,0.0,0.0,0.0,38.42146018
2005_012,0.0,0.0,0.0,35.62718435
2005_013,0.0,0.0,0.0,38.63644385
2005_021,0.0,0.0,0.0,79.79773917
2005_022,0.0,0.0,0.0,70.54854707
2005_023,0.0,0.0,0.0,61.63308907
2005_031,0.0,0.0,0.0,60.0040304
2005_032,0.0,0.0,0.0,62.20168069
2005_033,0.0,0.0,0.0,58.56611063
2005_041,0.0,0.0,0.0,73.64077299
2005_042,0.0,0.0,0.0,95.91002982
2005_043,0.0,0.0,0.0,88.03741159
2005_051,0.0,0.0,0.0,81.56868399999999
2005_052,0.0,0.0,0.0,83.12061544
2005_053,0.0,0.0,0.0,85.27715662
2005_061,0.0,0.0,0.0,99.15233692
2005_062,0.0,0.0,0.0,99.57029212
2005_063,0.0,0.0,0.0,97.10391661
2005_071,0.0,0.0,0.0,97.86229755
2005_072,0.0,0.0,0.0,97.32939942
2005_073,0.0,0.0,0.0,97.28544629
2005_081,0.0,0.0,0.0,92.15494571
2005_082,0.0,0.0,0.0,89.07230317
2005_083,0.0,0.0,0.0,95.81864034
2005_091,0.0,0.0,0.0,90.46427518
2005_092,0.0,0.0,0.0,89.05815179
2005_093,0.0,0.0,0.0,80.67780897
2005_101,0.0,0.0,0.0,80.34708764
2005_102,0.0,0.0,0.0,65.93142299
2005_103,0.0,0.0,0.0,64.6058906
2005_111,0.0,0.0,0.0,56.80992778
2005_112,0.0,0.0,0.0,55.87426863
2005_113,0.0,0.0,0.0,46.66474716
2005_121,0.0,0.0,0.0,42.48750496
2005_122,0.0,0.0,0.0,35.73501951
2005_123,0.0,0.0,0.0,27.71722126
2006_011,0.0,0.0,0.0,27.48755362
2006_012,0.0,0.0,0.0,69.55838409
2006_013,0.0,0.0,0.0,67.84871342
2006_021,0.0,0.0,0.0,63.55070102
2006_022,0.0,0.0,0.0,54.0509521
2006_023,0.0,0.0,0.0,65.4558768
2006_031,0.0,0.0,0.0,80.65132194
2006_032,0.0,0.0,0.0,86.49895173
2006_033,0.0,0.0,0.0,86.1697708
2006_041,0.0,0.0,0.0,76.24528679
2006_042,0.0,0.0,0.0,71.60258773
2006_043,0.0,0.0,0.0,77.50861806
2006_051,0.0,0.0,0.0,72.18005966
2006_052,0.0,0.0,0.0,69.97762191
2006_053,0.0,0.0,0.0,71.62790098
2006_061,0.0,0.0,0.0,85.90832857
2006_062,0.0,0.0,0.0,99.28885731
2006_063,0.0,0.0,0.0,99.33667588
2006_071,0.0,0.0,0.0,97.87996745
2006_072,0.0,0.0,0.0,96.52935725
2006_073,0.0,0.0,0.0,95.53413575
2006_081,0.0,0.0,0.0,96.94763125
2006_082,0.0,0.0,0.0,96.57672713
2006_083,0.0,0.0,0.0,90.04982003
2006_091,0.0,0.0,0.0,90.44293686
2006_092,0.0,0.0,0.0,77.7735114
2006_093,0.0,0.0,0.0,73.98249494
2006_101,0.0,0.0,0.0,81.2142813
2006_102,0.0,0.0,0.0,71.52308746
2006_103,0.0,0.0,0.0,75.98628294
2006_111,0.0,0.0,0.0,87.89978716
2006_112,0.0,0.0,0.0,79.72079659999999
2006_113,0.0,0.0,0.0,72.45937971
2006_121,0.0,0.0,0.0,57.32113431
2006_122,0.0,0.0,0.0,59.57427042
2006_123,0.0,0.0,0.0,70.89179720000001
2007_011,0.0,0.0,0.0,70.90933231
2007_012,0.0,0.0,0.0,52.67391994
2007_013,0.0,0.0,0.0,44.21049078
2007_021,0.0,0.0,0.0,42.56897479
2007_022,0.0,0.0,0.0,35.17492619
2007_023,0.0,0.0,0.0,53.69328246
2007_031,0.0,0.0,0.0,92.84871637
2007_032,0.0,0.0,0.0,87.72816593
2007_033,0.0,0.0,0.0,91.44989182
2007_041,0.0,0.0,0.0,94.6107584
2007_042,0.0,0.0,0.0,96.25983356
2007_043,0.0,0.0,0.0,96.85700606
2007_051,0.0,0.0,0.0,97.09616054
2007_052,0.0,0.0,0.0,92.26146832
2007_053,0.0,0.0,0.0,86.73348839
2007_061,0.0,0.0,0.0,82.13009671
2007_062,0.0,0.0,0.0,83.99024181
2007_063,0.0,0.0,0.0,97.2189764
2007_071,0.0,0.0,0.0,94.87020392
2007_072,0.0,0.0,0.0,93.4712746
2007_073,0.0,0.0,0.0,89.36737263
2007_081,0.0,0.0,0.0,91.2775062
2007_082,0.0,0.0,0.0,98.40386265
2007_083,0.0,0.0,0.0,95.56662561
2007_091,0.0,0.0,0.0,93.44991323
2007_092,0.0,0.0,0.0,99.24068467
2007_093,0.0,0.0,0.0,87.8037946
2007_101,0.0,0.0,0.0,96.66539456
2007_102,0.0,0.0,0.0,95.17005290000002
2007_103,0.0,0.0,0.0,77.33070231
2007_111,0.0,0.0,0.0,62.52598504
2007_112,0.0,0.0,0.0,61.4291615
2007_113,0.0,0.0,0.0,48.59917086
2007_121,0.0,0.0,0.0,38.44939976
2007_122,0.0,0.0,0.0,30.10234034
2007_123,0.0,0.0,0.0,22.85046101
2008_011,0.0,0.0,0.0,18.72589953
2008_012,0.0,0.0,0.0,23.15920877
2008_013,0.0,0.0,0.0,22.41270392
2008_021,0.0,0.0,0.0,26.74733016
2008_022,0.0,0.0,0.0,36.96042686
2008_023,0.0,0.0,0.0,34.09424232
2008_031,0.0,0.0,0.0,61.44575642
2008_032,0.0,0.0,0.0,56.93802958
2008_033,0.0,0.0,0.0,52.59551739
2008_041,0.0,0.0,0.0,50.14204474
2008_042,0.0,0.0,0.0,45.49682607
2008_043,0.0,0.0,0.0,39.90081527
2008_051,0.0,0.0,0.0,37.068062
2008_052,0.0,0.0,0.0,39.3185363
2008_053,0.0,0.0,0.0,68.98410384
2008_061,0.0,0.0,0.0,67.41240126
2008_062,0.0,0.0,0.0,72.76644654
2008_063,0.0,0.0,0.0,92.8352306
2008_071,0.0,0.0,0.0,93.32150294
2008_072,0.0,0.0,0.0,91.51129203
2008_073,0.0,0.0,0.0,98.76353983
2008_081,0.0,0.0,0.0,97.39339765
2008_082,0.0,0.0,0.0,97.19818574
2008_083,0.0,0.0,0.0,92.854066
2008_091,0.0,0.0,0.0,93.54147466
2008_092,0.0,0.0,0.0,91.11917148
2008_093,0.0,0.0,0.0,80.50062184
2008_101,0.0,0.0,0.0,73.4610703
2008_102,0.0,0.0,0.0,64.34629339
2008_103,0.0,0.0,0.0,58.80353178
2008_111,0.0,0.0,0.0,45.06873276
2008_112,0.0,0.0,0.0,33.04367745
2008_113,0.0,0.0,0.0,22.881196600000003
2008_121,0.0,0.0,0.0,29.45715335
2008_122,0.0,0.0,0.0,20.72307888
2008_123,0.0,0.0,0.0,14.25009271
2009_011,0.0,0.0,0.0,9.826245917
2009_012,0.0,0.0,0.0,6.63818017
2009_013,0.0,0.0,0.0,9.451991237
2009_021,0.0,0.0,0.0,35.43937836
2009_022,0.0,0.0,0.0,50.05200637
2009_023,0.0,0.0,0.0,73.94276647
2009_031,0.0,0.0,0.0,94.69107492
2009_032,0.0,0.0,0.0,91.68609639
2009_033,0.0,0.0,0.0,73.93853193
2009_041,0.0,0.0,0.0,67.19096645
2009_042,0.0,0.0,0.0,58.41669746
2009_043,0.0,0.0,0.0,52.21833761
2009_051,0.0,0.0,0.0,46.76063462
2009_052,0.0,0.0,0.0,69.96806013
2009_053,0.0,0.0,0.0,72.14994496
2009_061,0.0,0.0,0.0,77.75460048
2009_062,0.0,0.0,0.0,77.89332165
2009_063,0.0,0.0,0.0,99.25545247
2009_071,0.0,0.0,0.0,98.95750969
2009_072,0.0,0.0,0.0,98.44045305
2009_073,0.0,0.0,0.0,97.88813228
2009_081,0.0,0.0,0.0,92.59820269
2009_082,0.0,0.0,0.0,93.32988222
2009_083,0.0,0.0,0.0,93.27423243
2009_091,0.0,0.0,0.0,97.63631235
2009_092,0.0,0.0,0.0,95.82920403
2009_093,0.0,0.0,0.0,91.7732395
2009_101,0.0,0.0,0.0,93.46062355
2009_102,0.0,0.0,0.0,91.56154262
2009_103,0.0,0.0,0.0,85.21826147
2009_111,0.0,0.0,0.0,96.05342819
2009_112,0.0,0.0,0.0,88.60582845
2009_113,0.0,0.0,0.0,98.58139578
2009_121,0.0,0.0,0.0,85.30171778
2009_122,0.0,0.0,0.0,66.4383778
2009_123,0.0,0.0,0.0,82.84372586
2010_011,0.0,0.0,0.0,80.83997183
2010_012,0.0,0.0,0.0,79.26803089
2010_013,0.0,0.0,0.0,66.68199093
2010_021,0.0,0.0,0.0,85.85829786
2010_022,0.0,0.0,0.0,84.28477457
2010_023,0.0,0.0,0.0,92.45736644
2010_031,0.0,0.0,0.0,76.56200245
2010_032,0.0,0.0,0.0,61.88512114
2010_033,0.0,0.0,0.0,66.322125
2010_041,0.0,0.0,0.0,54.89698219
2010_042,0.0,0.0,0.0,77.04105166
2010_043,0.0,0.0,0.0,84.88451193
2010_051,0.0,0.0,0.0,76.52396401
2010_052,0.0,0.0,0.0,70.72813976
2010_053,0.0,0.0,0.0,85.28216284
2010_061,0.0,0.0,0.0,95.41242864
2010_062,0.0,0.0,0.0,98.35384005
2010_063,0.0,0.0,0.0,97.05195746
2010_071,0.0,0.0,0.0,98.38393509
2010_072,0.0,0.0,0.0,99.68369833
2010_073,0.0,0.0,0.0,99.13632141
2010_081,0.0,0.0,0.0,98.02205440000002
2010_082,0.0,0.0,0.0,98.42753909
2010_083,0.0,0.0,0.0,90.8664131
2010_091,0.0,0.0,0.0,97.0553552
2010_092,0.0,0.0,0.0,94.49771807
2010_093,0.0,0.0,0.0,85.13423845
2010_101,0.0,0.0,0.0,81.91089575
2010_102,0.0,0.0,0.0,80.75581811
2010_103,0.0,0.0,0.0,69.45147167
2010_111,0.0,0.0,0.0,65.22360534
2010_112,0.0,0.0,0.0,57.35307385
2010_113,0.0,0.0,0.0,42.53442762
2010_121,0.0,0.0,0.0,28.92975096
2010_122,0.0,0.0,0.0,32.82710459
2010_123,0.0,0.0,0.0,21.88510529
2011_011,0.0,0.0,0.0,16.07186054
2011_012,0.0,0.0,0.0,22.46512692
2011_013,0.0,0.0,0.0,24.44145779
2011_021,0.0,0.0,0.0,22.10793929
2011_022,0.0,0.0,0.0,24.33535647
2011_023,0.0,0.0,0.0,31.47570005
2011_031,0.0,0.0,0.0,24.39785787
2011_032,0.0,0.0,0.0,30.10377451
2011_033,0.0,0.0,0.0,33.06988822
2011_041,0.0,0.0,0.0,32.1472772
2011_042,0.0,0.0,0.0,40.39875571
2011_043,0.0,0.0,0.0,55.77922874
2011_051,0.0,0.0,0.0,69.8418554
2011_052,0.0,0.0,0.0,63.76706621
2011_053,0.0,0.0,0.0,74.53181972
2011_061,0.0,0.0,0.0,51.92171746
2011_062,0.0,0.0,0.0,65.89707136
2011_063,0.0,0.0,0.0,97.31327787
2011_071,0.0,0.0,0.0,92.78424271
2011_072,0.0,0.0,0.0,95.0293856
2011_073,0.0,0.0,0.0,98.44859295
2011_081,0.0,0.0,0.0,92.75515825
2011_082,0.0,0.0,0.0,95.86302109999998
2011_083,0.0,0.0,0.0,94.02039136
2011_091,0.0,0.0,0.0,87.16388559
2011_092,0.0,0.0,0.0,72.04299166
2011_093,0.0,0.0,0.0,60.17306163
2011_101,0.0,0.0,0.0,62.53399901
2011_102,0.0,0.0,0.0,76.62826942
2011_103,0.0,0.0,0.0,61.0421196
2011_111,0.0,0.0,0.0,48.52926177
2011_112,0.0,0.0,0.0,45.25898524
2011_113,0.0,0.0,0.0,52.81389563
2011_121,0.0,0.0,0.0,37.56746165
2011_122,0.0,0.0,0.0,37.02400711
2011_123,0.0,0.0,0.0,40.92712497
2012_011,0.0,0.0,0.0,27.50600127
2012_012,0.0,0.0,0.0,18.30702377
2012_013,0.0,0.0,0.0,15.2008188
2012_021,0.0,0.0,0.0,32.23271918
2012_022,0.0,0.0,0.0,33.466055100000005
2012_023,0.0,0.0,0.0,42.50208531
2012_031,0.0,0.0,0.0,56.10603433
2012_032,0.0,0.0,0.0,62.90401792
2012_033,0.0,0.0,0.0,65.94675538
2012_041,0.0,0.0,0.0,65.6905194
2012_042,0.0,0.0,0.0,63.42922844
2012_043,0.0,0.0,0.0,57.88805766
2012_051,0.0,0.0,0.0,58.19348701
2012_052,0.0,0.0,0.0,70.99207113
2012_053,0.0,0.0,0.0,92.66389048
2012_061,0.0,0.0,0.0,86.77231324
2012_062,0.0,0.0,0.0,93.51945479
2012_063,0.0,0.0,0.0,93.99908655
2012_071,0.0,0.0,0.0,98.6024975
2012_072,0.0,0.0,0.0,94.96896721
2012_073,0.0,0.0,0.0,88.47090882
2012_081,0.0,0.0,0.0,95.51226926
2012_082,0.0,0.0,0.0,99.64338781
2012_083,0.0,0.0,0.0,98.09853816
2012_091,0.0,0.0,0.0,93.01837944
2012_092,0.0,0.0,0.0,91.70645369
2012_093,0.0,0.0,0.0,88.19872688
2012_101,0.0,0.0,0.0,93.90252813
2012_102,0.0,0.0,0.0,94.4180458
2012_103,0.0,0.0,0.0,95.63506088
2012_111,0.0,0.0,0.0,82.3186244
2012_112,0.0,0.0,0.0,71.63791312
2012_113,0.0,0.0,0.0,60.57364513
2012_121,0.0,0.0,0.0,59.90862397
2012_122,0.0,0.0,0.0,74.55626343
2012_123,0.0,0.0,0.0,88.80651365
2013_011,0.0,0.0,0.0,80.75859531
2013_012,0.0,0.0,0.0,57.65913071
2013_013,0.0,0.0,0.0,45.92931583
2013_021,0.0,0.0,0.0,32.18379624
2013_022,0.0,0.0,0.0,27.54764627
2013_023,0.0,0.0,0.0,54.56749824
2013_031,0.0,0.0,0.0,55.69677729
2013_032,0.0,0.0,0.0,46.82064447
2013_033,0.0,0.0,0.0,46.61846988
2013_041,0.0,0.0,0.0,59.85500303
2013_042,0.0,0.0,0.0,71.35317909
2013_043,0.0,0.0,0.0,62.39202345
2013_051,0.0,0.0,0.0,69.09246617
2013_052,0.0,0.0,0.0,77.24323776
2013_053,0.0,0.0,0.0,81.37212301
2013_061,0.0,0.0,0.0,80.74856603
2013_062,0.0,0.0,0.0,76.41698616
2013_063,0.0,0.0,0.0,73.39637866
2013_071,0.0,0.0,0.0,72.46352844
2013_072,0.0,0.0,0.0,88.641811
2013_073,0.0,0.0,0.0,83.99101486
2013_081,0.0,0.0,0.0,89.45739554
2013_082,0.0,0.0,0.0,81.99796368
2013_083,0.0,0.0,0.0,75.35667424
2013_091,0.0,0.0,0.0,79.93978508
2013_092,0.0,0.0,0.0,95.73330572
2013_093,0.0,0.0,0.0,88.53804354
2013_101,0.0,0.0,0.0,83.55681932
2013_102,0.0,0.0,0.0,70.71792192
2013_103,0.0,0.0,0.0,57.63948708
2013_111,0.0,0.0,0.0,63.75886346
2013_112,0.0,0.0,0.0,51.46137424
2013_113,0.0,0.0,0.0,52.43116713
2013_121,0.0,0.0,0.0,45.25017874
2013_122,0.0,0.0,0.0,30.88217736
2013_123,0.0,0.0,0.0,19.58287021
2014_011,0.0,0.0,0.0,38.80511202
2014_012,0.0,0.0,0.0,42.18772406
2014_013,0.0,0.0,0.0,72.91454062
2014_021,0.0,0.0,0.0,99.49343211
2014_022,0.0,0.0,0.0,90.50623814
2014_023,0.0,0.0,0.0,82.38024098
2014_031,0.0,0.0,0.0,78.88416835
2014_032,0.0,0.0,0.0,81.82640952
2014_033,0.0,0.0,0.0,72.98732286
2014_041,0.0,0.0,0.0,78.27541286
2014_042,0.0,0.0,0.0,94.74108345
2014_043,0.0,0.0,0.0,85.92083961
2014_051,0.0,0.0,0.0,86.28845299
2014_052,0.0,0.0,0.0,95.37240815
2014_053,0.0,0.0,0.0,98.29044776
2014_061,0.0,0.0,0.0,96.24291802
2014_062,0.0,0.0,0.0,99.30172009
2014_063,0.0,0.0,0.0,95.52281182
2014_071,0.0,0.0,0.0,97.25773156
2014_072,0.0,0.0,0.0,98.90662165
2014_073,0.0,0.0,0.0,96.71923714
2014_081,0.0,0.0,0.0,95.5732241
2014_082,0.0,0.0,0.0,86.00817557
2014_083,0.0,0.0,0.0,80.28165033
2014_091,0.0,0.0,0.0,88.97478054
2014_092,0.0,0.0,0.0,96.05058027
2014_093,0.0,0.0,0.0,93.97277102
2014_101,0.0,0.0,0.0,97.0010339
2014_102,0.0,0.0,0.0,86.66456042
2014_103,0.0,0.0,0.0,78.55764978
2014_111,0.0,0.0,0.0,92.11971569
2014_112,0.0,0.0,0.0,71.50836015
2014_113,0.0,0.0,0.0,75.18639523
2014_121,0.0,0.0,0.0,89.44218454
2014_122,0.0,0.0,0.0,71.44509977
2014_123,0.0,0.0,0.0,75.44823401
2015_011,0.0,0.0,0.0,63.01484464
2015_012,0.0,0.0,0.0,67.06629412
2015_013,0.0,0.0,0.0,69.86248357
2015_021,0.0,0.0,0.0,67.00559336
2015_022,0.0,0.0,0.0,53.39987241
2015_023,0.0,0.0,0.0,47.82156035
2015_031,0.0,0.0,0.0,51.38046552
2015_032,0.0,0.0,0.0,41.55779541
2015_033,0.0,0.0,0.0,37.91566144
2015_041,0.0,0.0,0.0,33.6270195
2015_042,0.0,0.0,0.0,34.32860317
2015_043,0.0,0.0,0.0,35.75380245
2015_051,0.0,0.0,0.0,43.92264297
2015_052,0.0,0.0,0.0,40.18605917
2015_053,0.0,0.0,0.0,36.38024821
2015_061,0.0,0.0,0.0,34.01334269
2015_062,0.0,0.0,0.0,31.37527849
2015_063,0.0,0.0,0.0,33.8824981
2015_071,0.0,0.0,0.0,45.65730989
2015_072,0.0,0.0,0.0,44.22487451
2015_073,0.0,0.0,0.0,42.63746725
2015_081,0.0,0.0,0.0,85.68080776
2015_082,0.0,0.0,0.0,97.73405426
2015_083,0.0,0.0,0.0,93.36530589
2015_091,0.0,0.0,0.0,86.07298611
2015_092,0.0,0.0,0.0,77.23827756
2015_093,0.0,0.0,0.0,68.95654286
2015_101,0.0,0.0,0.0,78.33737307
2015_102,0.0,0.0,0.0,67.56465712
2015_103,0.0,0.0,0.0,61.60299773
2015_111,0.0,0.0,0.0,48.93708577
2015_112,0.0,0.0,0.0,55.63137629
2015_113,0.0,0.0,0.0,58.45781464
2015_121,0.0,0.0,0.0,51.51291614
2015_122,0.0,0.0,0.0,45.01998895
2015_123,0.0,0.0,0.0,61.19564549
2016_011,0.0,0.0,0.0,44.65263334
2016_012,0.0,0.0,0.0,31.00201731
2016_013,0.0,0.0,0.0,22.12384547
2016_021,0.0,0.0,0.0,15.57931422
2016_022,0.0,0.0,0.0,36.04163611
2016_023,0.0,0.0,0.0,44.81811329
2016_031,0.0,0.0,0.0,40.16071064
2016_032,0.0,0.0,0.0,53.84109481
2016_033,0.0,0.0,0.0,58.65142708
2016_041,0.0,0.0,0.0,90.42357494
2016_042,0.0,0.0,0.0,99.36020829
2016_043,0.0,0.0,0.0,96.62924529
2016_051,0.0,0.0,0.0,92.69671755
2016_052,0.0,0.0,0.0,90.21522051
2016_053,0.0,0.0,0.0,91.62525948
2016_061,0.0,0.0,0.0,98.31318469
2016_062,0.0,0.0,0.0,94.96841232
2016_063,0.0,0.0,0.0,95.97725675
2016_071,0.0,0.0,0.0,99.54317225
2016_072,0.0,0.0,0.0,98.17862891
2016_073,0.0,0.0,0.0,97.99114905
2016_081,0.0,0.0,0.0,98.54153172
2016_082,0.0,0.0,0.0,91.82230618
2016_083,0.0,0.0,0.0,91.77571429
2016_091,0.0,0.0,0.0,97.30483309999998
2016_092,0.0,0.0,0.0,94.39409527
2016_093,0.0,0.0,0.0,80.66186266
2016_101,0.0,0.0,0.0,70.38243339
2016_102,0.0,0.0,0.0,69.93845707
2016_103,0.0,0.0,0.0,88.61115128
2016_111,0.0,0.0,0.0,88.93290356
2016_112,0.0,0.0,0.0,67.70328204
2016_113,0.0,0.0,0.0,61.54320277
2016_121,0.0,0.0,0.0,54.06183846
2016_122,0.0,0.0,0.0,40.13487892
2016_123,0.0,0.0,0.0,60.03365285
2017_011,0.0,0.0,0.0,59.53410043
2017_012,0.0,0.0,0.0,62.87144885
2017_013,0.0,0.0,0.0,54.99924823
2017_021,0.0,0.0,0.0,55.00655021
2017_022,0.0,0.0,0.0,65.61998989
2017_023,0.0,0.0,0.0,54.55090144
2017_031,0.0,0.0,0.0,50.35423231
2017_032,0.0,0.0,0.0,60.10331808
2017_033,0.0,0.0,0.0,60.35793672
2017_041,0.0,0.0,0.0,51.62263325
2017_042,0.0,0.0,0.0,52.49586711
2017_043,0.0,0.0,0.0,66.48477714
2017_051,0.0,0.0,0.0,72.46568897
2017_052,0.0,0.0,0.0,94.38887975
2017_053,0.0,0.0,0.0,99.19433104
2017_061,0.0,0.0,0.0,97.4932638
2017_062,0.0,0.0,0.0,94.78454657
2017_063,0.0,0.0,0.0,88.75472898
2017_071,0.0,0.0,0.0,92.45332834
2017_072,0.0,0.0,0.0,99.08758969
2017_073,0.0,0.0,0.0,98.04956843
2017_081,0.0,0.0,0.0,95.07790691
2017_082,0.0,0.0,0.0,98.56325964
2017_083,0.0,0.0,0.0,98.95935434
2017_091,0.0,0.0,0.0,99.09556483
2017_092,0.0,0.0,0.0,93.77183609
2017_093,0.0,0.0,0.0,96.95337869
2017_101,0.0,0.0,0.0,94.91695646
2017_102,0.0,0.0,0.0,89.43794478
2017_103,0.0,0.0,0.0,82.73609303
2017_111,0.0,0.0,0.0,84.31955388
2017_112,0.0,0.0,0.0,64.84145665
2017_113,0.0,0.0,0.0,56.26918544
2017_121,0.0,0.0,0.0,42.27268442
2017_122,0.0,0.0,0.0,43.98050552
2017_123,0.0,0.0,0.0,45.61526123
2018_011,0.0,0.0,0.0,32.47297172
2018_012,0.0,0.0,0.0,48.27299769
2018_013,0.0,0.0,0.0,44.91329831
2018_021,0.0,0.0,0.0,34.08318541
2018_022,0.0,0.0,0.0,41.70578551
2018_023,0.0,0.0,0.0,35.08042014
2018_031,0.0,0.0,0.0,27.46365108
2018_032,0.0,0.0,0.0,39.61045145
2018_033,0.0,0.0,0.0,64.50726653
2018_041,0.0,0.0,0.0,60.88752034
2018_042,0.0,0.0,0.0,65.54697865
2018_043,0.0,0.0,0.0,69.42435633
2018_051,0.0,0.0,0.0,91.20265884
2018_052,0.0,0.0,0.0,96.92480004
2018_053,0.0,0.0,0.0,94.43633198
2018_061,0.0,0.0,0.0,98.91560675
2018_062,0.0,0.0,0.0,97.63649873
2018_063,0.0,0.0,0.0,97.36920608
2018_071,0.0,0.0,0.0,97.34235651
2018_072,0.0,0.0,0.0,98.14633684
2018_073,0.0,0.0,0.0,98.97139021
2018_081,0.0,0.0,0.0,98.68037713
2018_082,0.0,0.0,0.0,98.56308648
2018_083,0.0,0.0,0.0,96.09966035
2018_091,0.0,0.0,0.0,88.28243789
2018_092,0.0,0.0,0.0,79.73463421
2018_093,0.0,0.0,0.0,81.18672895
2018_101,0.0,0.0,0.0,90.52926976
2018_102,0.0,0.0,0.0,77.69200474
2018_103,0.0,0.0,0.0,65.29390759
2018_111,0.0,0.0,0.0,57.29456368
2018_112,0.0,0.0,0.0,74.41621388
2018_113,0.0,0.0,0.0,63.17221308
2018_121,0.0,0.0,0.0,52.91186399
2018_122,0.0,0.0,0.0,80.44143036
2018_123,0.0,0.0,0.0,88.61730403
2019_011,0.0,0.0,0.0,94.73300803
2019_012,0.0,0.0,0.0,92.99207119
2019_013,0.0,0.0,0.0,80.41744793
2019_021,0.0,0.0,0.0,73.80454565
2019_022,0.0,0.0,0.0,69.31709382
2019_023,0.0,0.0,0.0,65.75115742
2019_031,0.0,0.0,0.0,66.42220092
2019_032,0.0,0.0,0.0,77.64044226
2019_033,0.0,0.0,0.0,68.44698518
2019_041,0.0,0.0,0.0,59.43575987
2019_042,0.0,0.0,0.0,54.6261738
2019_043,0.0,0.0,0.0,51.48185245
2019_051,0.0,0.0,0.0,75.02240825
2019_052,0.0,0.0,0.0,95.65655815
2019_053,0.0,0.0,0.0,97.83196286
2019_061,0.0,0.0,0.0,93.95969765
2019_062,0.0,0.0,0.0,99.51607782
2019_063,0.0,0.0,0.0,96.99279578
2019_071,0.0,0.0,0.0,92.28920464
2019_072,0.0,0.0,0.0,98.70582484
2019_073,0.0,0.0,0.0,99.25161394
2019_081,0.0,0.0,0.0,94.48521119
2019_082,0.0,0.0,0.0,97.6096324
2019_083,0.0,0.0,0.0,93.67388199
2019_091,0.0,0.0,0.0,91.96906548
2019_092,0.0,0.0,0.0,92.7628297
2019_093,0.0,0.0,0.0,76.1416781
2019_101,0.0,0.0,0.0,95.42205601
2019_102,0.0,0.0,0.0,95.97259354
2019_103,0.0,0.0,0.0,83.06640997
2019_111,0.0,0.0,0.0,72.30359786
2019_112,0.0,0.0,0.0,54.21380957
2019_113,0.0,0.0,0.0,41.89737866
2019_121,0.0,0.0,0.0,30.28538807
2019_122,0.0,0.0,0.0,26.27645056
2019_123,0.0,0.0,0.0,28.33911019
2020_011,0.0,0.0,0.0,31.04564495
2020_012,0.0,0.0,0.0,34.98617789
2020_013,0.0,0.0,0.0,29.89700795
2020_021,0.0,0.0,0.0,20.513768
2020_022,0.0,0.0,0.0,18.11205865
2020_023,0.0,0.0,0.0,17.15369771
2020_031,0.0,0.0,0.0,12.91811258
2020_032,0.0,0.0,0.0,27.105176
2020_033,0.0,0.0,0.0,31.19499468
2020_041,0.0,0.0,0.0,38.86946529
2020_042,0.0,0.0,0.0,48.2910351
2020_043,0.0,0.0,0.0,52.56217608
2020_051,0.0,0.0,0.0,62.0841326
2020_052,0.0,0.0,0.0,60.42032835
2020_053,0.0,0.0,0.0,75.03917169
2020_061,0.0,0.0,0.0,71.64913936
2020_062,0.0,0.0,0.0,78.95374898
2020_063,0.0,0.0,0.0,99.46545566
2020_071,0.0,0.0,0.0,97.2502388
2020_072,0.0,0.0,0.0,91.83667221
2020_073,0.0,0.0,0.0,96.42155803
2020_081,0.0,0.0,0.0,96.03555984
2020_082,0.0,0.0,0.0,93.15155563
2020_083,0.0,0.0,0.0,92.73849418
2020_091,0.0,0.0,0.0,95.87295227
2020_092,0.0,0.0,0.0,85.98359451
2020_093,0.0,0.0,0.0,83.20906296
2020_101,0.0,0.0,0.0,77.74629059
2020_102,0.0,0.0,0.0,65.07357292
2020_103,0.0,0.0,0.0,80.08362024
2020_111,0.0,0.0,0.0,63.32203941
2020_112,0.0,0.0,0.0,49.58178596
2020_113,0.0,0.0,0.0,43.5702774
2020_121,0.0,0.0,0.0,43.29446449
2020_122,0.0,0.0,0.0,39.48521347
2020_123,0.0,0.0,0.0,31.23763518
2021_011,0.0,0.0,0.0,25.68634033203125
2021_012,0.0,0.0,0.0,33.476585388183594
2021_013,0.0,0.0,0.0,31.222394943237305
2021_021,0.0,0.0,0.0,63.553184509277344
2021_022,0.0,0.0,0.0,73.3049545288086
2021_023,0.0,0.0,0.0,68.90278625488281
2021_031,0.0,0.0,0.0,57.08789825439453
2021_032,0.0,0.0,0.0,49.25581741333008
2021_033,0.0,0.0,0.0,73.18624114990234
2021_041,0.0,0.0,0.0,82.35355377197266
2021_042,0.0,0.0,0.0,95.48440551757812
2021_043,0.0,0.0,0.0,89.99464416503906
2021_051,0.0,0.0,0.0,92.6839599609375
2021_052,0.0,0.0,0.0,89.82220458984375
2021_053,0.0,0.0,0.0,97.98207092285156
2021_061,0.0,0.0,0.0,98.2001953125
2021_062,0.0,0.0,0.0,97.10970306396484
2021_063,0.0,0.0,0.0,99.14578247070312
2021_071,0.0,0.0,0.0,97.42414855957033
2021_072,0.0,0.0,0.0,98.57000732421876
2021_073,0.0,0.0,0.0,97.7435302734375
2021_081,0.0,0.0,0.0,96.54753875732422
2021_082,0.0,0.0,0.0,96.99907684326172
2021_083,0.0,0.0,0.0,92.08920288085938
2021_091,0.0,0.0,0.0,99.41536712646484
2021_092,0.0,0.0,0.0,97.2721939086914
2021_093,0.0,0.0,0.0,91.65959930419922
2021_101,0.0,0.0,0.0,87.08784484863281
2021_102,0.0,0.0,0.0,87.32496643066406
2021_103,0.0,0.0,0.0,70.80687713623047
2021_111,0.0,0.0,0.0,63.80688858032226
2021_112,0.0,0.0,0.0,55.24938201904297
2021_113,0.0,0.0,0.0,52.61994171142578
2021_121,0.0,0.0,0.0,52.28642654418945
2021_122,0.0,0.0,0.0,43.991798400878906
2021_123,0.0,0.0,0.0,31.71137619018555
2022_011,0.0,0.0,0.0,25.63529396057129
2022_012,0.0,0.0,0.0,37.76551055908203
2022_013,0.0,0.0,0.0,68.40237426757811
2022_021,0.0,0.0,0.0,69.82789611816406
2022_022,0.0,0.0,0.0,63.38008499145508
2022_023,0.0,0.0,0.0,76.76912689208984
2022_031,0.0,0.0,0.0,94.033447265625
2022_032,0.0,0.0,0.0,89.31419372558594
2022_033,0.0,0.0,0.0,86.19452667236328
2022_041,0.0,0.0,0.0,80.06278991699219
2022_042,0.0,0.0,0.0,75.46471405029297
2022_043,0.0,0.0,0.0,89.76276397705078
2022_051,0.0,0.0,0.0,94.7335968017578
2022_052,0.0,0.0,0.0,91.12662506
2022_053,0.0,0.0,0.0,96.4323959350586
2022_061,0.0,0.0,0.0,96.64117431640624
2022_062,0.0,0.0,0.0,91.86334228515624
2022_063,0.0,0.0,0.0,92.7642822265625
2022_071,0.0,0.0,0.0,99.782470703125
2022_072,0.0,0.0,0.0,99.51904296875
2022_073,0.0,0.0,0.0,99.12126922607422
2022_081,0.0,0.0,0.0,98.5155792236328
2022_082,0.0,0.0,0.0,92.56169128417967
2022_083,0.0,0.0,0.0,92.59718322753906
2022_091,0.0,0.0,0.0,94.73504638671876
2022_092,0.0,0.0,0.0,83.03015899658203
2022_093,0.0,0.0,0.0,72.69188690185547
2022_101,0.0,0.0,0.0,62.28889846801758
2022_102,0.0,0.0,0.0,53.14398574829102
2022_103,0.0,0.0,0.0,53.23518371582031
2022_111,0.0,0.0,0.0,45.3397216796875
2022_112,0.0,0.0,0.0,46.8841438293457
2022_113,0.0,0.0,0.0,49.26062774658203
2022_121,0.0,0.0,0.0,36.278770446777344
2022_122,0.0,0.0,0.0,30.722496032714844
2022_123,0.0,0.0,0.0,27.574228286743164
2023_011,0.0,0.0,0.0,19.78961181640625
2023_012,0.0,0.0,0.0,13.231145858764648
2023_013,0.0,0.0,0.0,9.90555191040039
2023_021,0.0,0.0,0.0,8.22148323059082
2023_022,0.0,0.0,0.0,5.937902927398682
2023_023,0.0,0.0,0.0,4.58954381942749
2023_031,0.0,0.0,0.0,3.446104049682617
2023_032,0.0,0.0,0.0,12.768156051635742
2023_033,0.0,0.0,0.0,42.60859298706055
2023_041,0.0,0.0,0.0,46.626766204833984
2023_042,0.0,0.0,0.0,43.0283432006836
2023_043,0.0,0.0,0.0,41.66422271728516
2023_051,0.0,0.0,0.0,49.74291610717773
2023_052,0.0,0.0,0.0,51.25128936767578
2023_053,0.0,0.0,0.0,65.2516098022461
